v: 0.97-1.04
vmax: 1.05464122
vmin: 0.93508064

v:0.95-1.05
vmax: 1.05581317
vmin: 0.93547364